0 0.4201197916666667 0.3968425925925926 0.07512500000000001 0.11186111111111112
0 0.8270156249999999 0.7982962962962963 0.07722395833333334 0.08951851851851853
0 0.11491666666666665 0.8437222222222223 0.06378125 0.08703703703703704
0 0.7342864583333333 0.8515185185185185 0.13858854166666665 0.18122222222222223
0 0.8103645833333334 0.41253703703703704 0.09836979166666666 0.11299074074074074
0 0.7760416666666666 0.35138888888888886 0.04479166666666667 0.05740740740740741
0 0.239453125 0.32119444444444445 0.057734375 0.12152777777777778
0 0.7840520833333334 0.34144444444444444 0.05977604166666666 0.07914814814814815
0 0.118671875 0.5520092592592593 0.09901562500000001 0.14108333333333334
0 0.8410052083333334 0.5383703703703704 0.059625000000000004 0.12075925925925925
0 0.8520885416666667 0.7819351851851852 0.026828124999999998 0.06316666666666666