0 0.6072916666666667 0.7477037037037036 0.0546875 0.16291666666666665
0 0.33697916666666666 0.3120925925925926 0.05364583333333333 0.16933333333333334
0 0.5260416666666666 0.7736481481481481 0.06145833333333333 0.1110462962962963
0 0.6689114583333333 0.29500925925925925 0.056046875 0.20442592592592593
0 0.40603125 0.37886111111111115 0.050567708333333336 0.10911111111111112
0 0.5861979166666667 0.3800925925925926 0.05 0.1111111111111111
0 0.6946822916666666 0.39225 0.06332291666666666 0.18772222222222223
0 0.35288020833333333 0.8236111111111111 0.032265625 0.10925925925925926
0 0.90065625 0.8133333333333334 0.07734895833333333 0.3376388888888889
0 0.098890625 0.8233055555555555 0.08841145833333333 0.3533796296296296
0 0.7356041666666666 0.7988055555555555 0.08475 0.3912777777777778
0 0.3204375 0.37339814814814815 0.06378645833333334 0.23135185185185186
0 0.26913020833333334 0.8411759259259259 0.10714583333333333 0.31394444444444447