0 0.4281510416666666 0.3995740740740741 0.07580729166666668 0.10819444444444444
0 0.77853125 0.43848148148148147 0.056463541666666665 0.13137037037037036
0 0.7643229166666666 0.3449074074074074 0.04635416666666667 0.06574074074074074
0 0.86209375 0.7875 0.0390625 0.09074074074074075
0 0.274203125 0.328537037037037 0.04895833333333333 0.09722222222222222
0 0.11601041666666667 0.8384074074074074 0.0656875 0.08814814814814816
0 0.7522968750000001 0.844212962962963 0.13394791666666667 0.20232407407407407
0 0.7653645833333333 0.3300925925925926 0.0484375 0.09537037037037037
0 0.11958854166666667 0.5686388888888889 0.086734375 0.10548148148148148
0 0.8713541666666667 0.7900462962962963 0.027796875 0.04989814814814815
0 0.035541666666666666 0.8257685185185185 0.017583333333333333 0.04262962962962963