0 0.6114583333333333 0.7463703703703705 0.0546875 0.17405555555555555
0 0.34415625 0.2983240740740741 0.05634895833333333 0.18412962962962964
0 0.3515625 0.4351759259259259 0.06363020833333334 0.10540740740740741
0 0.5234375 0.7795092592592593 0.058854166666666666 0.12246296296296295
0 0.6369791666666667 0.301787037037037 0.0546875 0.15846296296296294
0 0.42506770833333335 0.3668240740740741 0.06030208333333333 0.10892592592592593
0 0.5861979166666667 0.37962962962962965 0.05 0.11388888888888889
0 0.6641458333333333 0.43603703703703706 0.06215625 0.11886111111111111
0 0.353515625 0.8264722222222223 0.03457291666666666 0.10208333333333333
0 0.2800364583333333 0.8253888888888888 0.092546875 0.3464537037037037
0 0.91328125 0.8311944444444445 0.08541666666666667 0.3348333333333333
0 0.08177083333333333 0.898462962962963 0.0890625 0.20215740740740742
0 0.5183645833333334 0.7646111111111111 0.04383333333333333 0.06253703703703704
0 0.7045677083333334 0.8310462962962962 0.07530208333333334 0.33319444444444446