0 0.5115729166666667 0.8038148148148149 0.088671875 0.15178703703703705
0 0.514015625 0.4285555555555555 0.05015104166666667 0.08291666666666667
0 0.47758333333333336 0.3479814814814815 0.04479166666666667 0.10577777777777778
0 0.40731249999999997 0.7800648148148148 0.06083854166666667 0.11160185185185185
0 0.6528854166666667 0.34700925925925924 0.052036458333333334 0.11464814814814814
0 0.6264270833333333 0.8719814814814815 0.07159895833333334 0.11928703703703705
0 0.4385677083333333 0.2919722222222222 0.05520833333333333 0.11116666666666666
0 0.12709895833333335 0.7964444444444444 0.054890625 0.06180555555555556
0 0.708734375 0.914888888888889 0.080859375 0.17022222222222222
0 0.20708854166666668 0.7913333333333333 0.07167187500000001 0.12562962962962965
0 0.15235416666666665 0.4802592592592592 0.058374999999999996 0.11231481481481481
0 0.49447916666666664 0.519962962962963 0.05657291666666667 0.1024074074074074
0 0.3806979166666667 0.7595462962962962 0.0359375 0.07238888888888889
0 0.30503125 0.8366944444444444 0.04822395833333334 0.09988888888888889