0 0.58359375 0.38842592592592595 0.05260416666666667 0.13796296296296295
0 0.9354166666666667 0.7675925925925926 0.0453125 0.08796296296296297
0 0.5559218749999999 0.7429629629629629 0.05157291666666666 0.14605555555555558
0 0.08705729166666668 0.886287037037037 0.08453125 0.20335185185185187
0 0.9266249999999999 0.5234259259259259 0.06354166666666666 0.08763888888888889
0 0.346484375 0.8087962962962963 0.021619791666666666 0.0787037037037037
0 0.17888020833333332 0.37027777777777776 0.05983854166666667 0.12049999999999998
0 0.3046875 0.43425925925925923 0.06197916666666667 0.11481481481481481
0 0.7934895833333333 0.32366666666666666 0.052083333333333336 0.21191666666666667
0 0.3453125 0.3731481481481482 0.050520833333333334 0.125
0 0.53725 0.7461481481481482 0.04143229166666666 0.09312037037037037
0 0.6325520833333333 0.7630092592592592 0.025520833333333333 0.06936111111111111
0 0.18041145833333333 0.9019722222222222 0.08259375000000001 0.19014814814814815