0 0.17497395833333332 0.43507407407407406 0.09726041666666667 0.11794444444444444
0 0.6765260416666667 0.37993518518518515 0.04375 0.09963888888888889
0 0.21675520833333334 0.3040648148148148 0.08439583333333332 0.12335185185185185
0 0.347421875 0.39602777777777776 0.05404166666666667 0.10657407407407407
0 0.8145833333333333 0.44583333333333336 0.059895833333333336 0.13425925925925927
0 0.05109375 0.8401851851851851 0.04903125 0.08769444444444444
0 0.8433125 0.7887314814814815 0.036458333333333336 0.07899999999999999
0 0.6772395833333333 0.3320370370370371 0.054963541666666664 0.08308333333333334
0 0.31292187499999996 0.8372685185185185 0.042109375 0.0809074074074074
0 0.9568333333333333 0.8206018518518519 0.03425 0.09524074074074074
0 0.28590625000000003 0.8390833333333334 0.024015625 0.03456481481481481