0 0.8296510416666667 0.8017222222222222 0.07246875 0.08358333333333333
0 0.11590104166666666 0.8426203703703703 0.066625 0.08958333333333333
0 0.7381614583333334 0.8496759259259259 0.13096875 0.18489814814814814
0 0.8410208333333333 0.5334444444444445 0.05755729166666667 0.12108333333333335
0 0.8102291666666667 0.41536111111111107 0.09284895833333334 0.10076851851851852
0 0.77578125 0.34953703703703703 0.044270833333333336 0.06018518518518518
0 0.23932291666666666 0.31912037037037033 0.053125 0.12407407407407407
0 0.7849375 0.3382314814814815 0.0619375 0.08557407407407408
0 0.10094270833333334 0.5505833333333333 0.08620833333333335 0.15575925925925926
0 0.42375 0.3973425925925926 0.076671875 0.11425
0 0.852078125 0.7829537037037038 0.026593750000000003 0.05776851851851852