0 0.4046927083333333 0.34212037037037035 0.05456770833333333 0.18238888888888888
0 0.6576979166666667 0.33839814814814817 0.06592187499999999 0.1815277777777778
0 0.24711979166666667 0.7771666666666667 0.066171875 0.24885185185185185
0 0.9337395833333333 0.7626203703703703 0.044390625 0.10303703703703704
0 0.7138020833333333 0.8021111111111111 0.06197916666666667 0.12633333333333333
0 0.5312291666666666 0.7524537037037037 0.07140104166666666 0.15341666666666667
0 0.052083333333333336 0.7925925925925926 0.04635416666666667 0.09166666666666666
0 0.10859375 0.5055555555555555 0.05625 0.11481481481481481
0 0.24476041666666667 0.3120833333333333 0.05461979166666667 0.17030555555555557
0 0.7911458333333333 0.30373148148148144 0.0578125 0.11199074074074074
0 0.7951354166666668 0.8456018518518519 0.08859895833333334 0.30612962962962964
0 0.6375624999999999 0.7364814814814815 0.04155729166666667 0.16102777777777777
0 0.9270833333333334 0.5233425925925926 0.06510416666666667 0.09338888888888888