0 0.66015625 0.31760185185185186 0.050520833333333334 0.11017592592592593
0 0.433671875 0.30141666666666667 0.051791666666666666 0.1879074074074074
0 0.251421875 0.8462685185185186 0.0625 0.13458333333333333
0 0.5475989583333334 0.7730925925925927 0.08091145833333332 0.1823611111111111
0 0.8001927083333332 0.3406296296296296 0.05678645833333333 0.11451851851851852
0 0.9383750000000001 0.7725185185185186 0.041317708333333335 0.08362037037037037
0 0.9200520833333333 0.4935185185185185 0.06354166666666666 0.11944444444444445
0 0.3689739583333333 0.2844351851851852 0.04643229166666667 0.12512962962962962
0 0.25104166666666666 0.3519351851851852 0.04583333333333333 0.08518518518518518
0 0.7390677083333334 0.7896574074074074 0.0546875 0.11389814814814815
0 0.6348854166666666 0.7832870370370371 0.052145833333333336 0.1555648148148148
0 0.6830208333333334 0.8736851851851852 0.029901041666666666 0.15117592592592594