0 0.3480520833333333 0.3523703703703704 0.05044270833333333 0.16716666666666666
0 0.5916666666666667 0.36342592592592593 0.05 0.13148148148148148
0 0.2716145833333333 0.8083888888888888 0.06510416666666667 0.18525925925925926
0 0.9348958333333334 0.7680555555555556 0.046875 0.08796296296296297
0 0.6904375 0.7739166666666667 0.040625 0.08888888888888889
0 0.5564531250000001 0.7333611111111111 0.05155208333333334 0.16662037037037036
0 0.10113541666666667 0.8230555555555555 0.06060416666666667 0.1511111111111111
0 0.9268229166666667 0.5041666666666667 0.06458333333333334 0.12962962962962962
0 0.35069791666666666 0.8294166666666667 0.0289375 0.11574074074074074
0 0.22265625 0.41064814814814815 0.07291666666666667 0.1675925925925926
0 0.18058854166666669 0.8433240740740741 0.081046875 0.3133518518518519
0 0.8325520833333333 0.27685185185185185 0.059895833333333336 0.1111111111111111
0 0.25278645833333335 0.3155648148148148 0.05568229166666667 0.12732407407407406
0 0.6474218749999999 0.775888888888889 0.029838541666666666 0.08869444444444445