0 0.9098072916666666 0.40225925925925926 0.05807291666666667 0.11023148148148147
0 0.8067708333333333 0.3814814814814815 0.06302083333333333 0.12037037037037036
0 0.646359375 0.7939814814814815 0.029338541666666666 0.06327777777777778
0 0.6037916666666666 0.3356111111111111 0.05625 0.24730555555555553
0 0.41041666666666665 0.3425925925925926 0.0609375 0.12129629629629629
0 0.28911458333333334 0.30591666666666667 0.05588541666666667 0.11367592592592592
0 0.29073437500000004 0.8472870370370371 0.059062500000000004 0.1368611111111111
0 0.35260416666666666 0.2851851851851852 0.0578125 0.125
0 0.42682291666666666 0.2962962962962963 0.036458333333333336 0.053703703703703705
0 0.55546875 0.7925925925925926 0.0609375 0.11388888888888889
0 0.6497760416666666 0.8206296296296296 0.024557291666666665 0.07762962962962963
0 0.3414479166666667 0.8446296296296296 0.010854166666666666 0.03334259259259259