0 0.360734375 0.433 0.05 0.12294444444444444
0 0.6759687499999999 0.37424999999999997 0.04347395833333333 0.10587037037037038
0 0.20661458333333332 0.30386111111111114 0.0949375 0.12190740740740741
0 0.31502083333333336 0.3872222222222222 0.052083333333333336 0.10455555555555555
0 0.2390625 0.8578703703703704 0.0546875 0.10462962962962963
0 0.5636927083333333 0.44435185185185183 0.05260416666666667 0.12314814814814815
0 0.3146875 0.8340833333333333 0.0401875 0.07597222222222222
0 0.05371354166666666 0.8515 0.051421875 0.10577777777777778
0 0.5660989583333333 0.33006481481481487 0.05198958333333333 0.07812037037037037
0 0.21829166666666666 0.8327407407407408 0.028203125 0.04961111111111111
0 0.9559739583333333 0.8436759259259259 0.038385416666666665 0.06156481481481481