0 0.34795312500000003 0.35047222222222224 0.04992708333333333 0.16757407407407407
0 0.5964479166666667 0.36018518518518516 0.05894270833333334 0.13796296296296295
0 0.28854166666666664 0.8069444444444445 0.057291666666666664 0.11388888888888889
0 0.9348958333333334 0.7717314814814815 0.04583333333333333 0.07967592592592593
0 0.70665625 0.7945555555555556 0.05677083333333333 0.11022222222222222
0 0.5565572916666667 0.7346481481481482 0.05175520833333334 0.16496296296296295
0 0.10644270833333333 0.7802962962962964 0.05768229166666667 0.24403703703703705
0 0.9268229166666667 0.5253425925925926 0.0640625 0.08728703703703704
0 0.35134895833333335 0.8300925925925926 0.030640624999999998 0.1175925925925926
0 0.2296875 0.3890925925925926 0.06927083333333334 0.19773148148148148
0 0.18353645833333332 0.8773703703703704 0.09166666666666666 0.24525925925925926
0 0.782234375 0.3088425925925926 0.05364583333333333 0.11175
0 0.20755208333333333 0.30185185185185187 0.06145833333333333 0.11203703703703703