0 0.5121875 0.803675925925926 0.090953125 0.15510185185185185
0 0.5125364583333334 0.43613888888888885 0.05054166666666667 0.07333333333333333
0 0.4750989583333334 0.348712962962963 0.041604166666666664 0.10426851851851852
0 0.14103645833333334 0.4797962962962963 0.07274479166666666 0.11412037037037037
0 0.40747395833333333 0.7813333333333333 0.058395833333333334 0.10467592592592592
0 0.7030677083333334 0.44801851851851854 0.06792708333333333 0.12960185185185186
0 0.6384166666666666 0.8180648148148149 0.04582291666666667 0.09888888888888889
0 0.36080729166666664 0.30906481481481485 0.06256770833333333 0.1169351851851852
0 0.37786458333333334 0.7513888888888889 0.049479166666666664 0.08981481481481482
0 0.11339583333333333 0.7841574074074074 0.06554166666666666 0.1247037037037037
0 0.26993229166666666 0.8055555555555556 0.06998958333333333 0.10217592592592592
0 0.9348697916666667 0.8879444444444444 0.086765625 0.21534259259259259
0 0.5049375 0.515537037037037 0.05890104166666667 0.11446296296296296