0 0.40677083333333336 0.38333333333333336 0.049479166666666664 0.08981481481481482
0 0.6494166666666668 0.34181481481481485 0.061859375 0.17471296296296296
0 0.25455208333333335 0.7950185185185186 0.06589583333333333 0.2016666666666667
0 0.93515625 0.7685185185185185 0.04635416666666667 0.08703703703703704
0 0.7278645833333334 0.7701388888888889 0.057291666666666664 0.2587962962962963
0 0.5279427083333333 0.7451666666666666 0.0621875 0.16957407407407407
0 0.06979166666666667 0.8097222222222222 0.053125 0.09444444444444444
0 0.13359375 0.4888888888888889 0.07239583333333334 0.12037037037037036
0 0.2431458333333333 0.3109166666666667 0.05191666666666667 0.16891666666666666
0 0.7537604166666667 0.3023148148148148 0.050812500000000003 0.16296296296296298
0 0.7960989583333333 0.8512500000000001 0.08597916666666668 0.29709259259259263
0 0.6380729166666667 0.749824074074074 0.04652604166666666 0.13516666666666666
0 0.9265625 0.5055555555555555 0.0640625 0.12777777777777777