0 0.446875 0.2748611111111111 0.049666666666666665 0.18961111111111112
0 0.5817135416666667 0.7747777777777778 0.08616145833333334 0.23992592592592593
0 0.7795416666666667 0.48368518518518516 0.059145833333333335 0.1179537037037037
0 0.351515625 0.2891296296296296 0.04827083333333334 0.1296111111111111
0 0.8075520833333333 0.43024074074074076 0.0609375 0.1385833333333333
0 0.8895833333333333 0.7968518518518519 0.0546875 0.15814814814814815
0 0.5202239583333333 0.7559537037037036 0.05474479166666667 0.11209259259259259
0 0.6895989583333333 0.4465925925925926 0.0609375 0.1175925925925926
0 0.9338541666666667 0.8948611111111111 0.07291666666666667 0.20287037037037037
0 0.3608541666666667 0.4167222222222222 0.06391145833333332 0.13647222222222222
0 0.9453125 0.8289907407407406 0.06041666666666667 0.12180555555555557
0 0.32109895833333335 0.9340925925925926 0.017197916666666667 0.049296296296296296