0 0.4038072916666666 0.33775925925925926 0.05541145833333334 0.18031481481481482
0 0.6331614583333334 0.3349351851851852 0.05314583333333334 0.18939814814814815
0 0.7182291666666667 0.44027777777777777 0.06302083333333333 0.12222222222222222
0 0.2911458333333333 0.800537037037037 0.04583333333333333 0.098
0 0.9244791666666666 0.8680555555555556 0.071875 0.13703703703703704
0 0.7015625 0.8072222222222222 0.05677083333333333 0.11888888888888889
0 0.5308020833333333 0.7569814814814815 0.068375 0.1443611111111111
0 0.07604166666666666 0.8601851851851852 0.06510416666666667 0.12037037037037036
0 0.25625 0.4478148148148148 0.06145833333333333 0.12751851851851853
0 0.21510416666666668 0.30324074074074076 0.058333333333333334 0.11018518518518519
0 0.7954895833333333 0.8297777777777777 0.09253645833333332 0.33431481481481484
0 0.751875 0.3129351851851852 0.055942708333333334 0.09960185185185184