0 0.33745312499999996 0.4130740740740741 0.056484375 0.16237962962962962
0 0.665125 0.3811481481481481 0.042708333333333334 0.1
0 0.208140625 0.3045277777777778 0.10041666666666667 0.12056481481481482
0 0.3186145833333333 0.3706944444444445 0.052328124999999996 0.1389537037037037
0 0.26309375 0.8552037037037037 0.05798958333333334 0.11164814814814815
0 0.5870260416666666 0.4429537037037037 0.05364583333333333 0.12407407407407407
0 0.30819270833333334 0.8325277777777778 0.041328125 0.08712037037037038
0 0.5614583333333333 0.34074074074074073 0.04114583333333333 0.05648148148148148
0 0.04675 0.8474074074074075 0.03958333333333333 0.11792592592592592
0 0.5661875 0.3287962962962963 0.05216666666666667 0.0812962962962963
0 0.9630781249999999 0.8421944444444445 0.02090104166666667 0.03919444444444444
0 0.21786979166666667 0.8296388888888889 0.02822916666666667 0.05372222222222223