0 0.42559895833333333 0.39992592592592596 0.074984375 0.10774074074074073
0 0.7784479166666666 0.4440092592592592 0.06261979166666667 0.12400925925925926
0 0.7347135416666667 0.3284814814814815 0.05296354166666666 0.08423148148148148
0 0.8674479166666667 0.7907407407407407 0.0421875 0.08796296296296297
0 0.7610208333333334 0.5321203703703704 0.05738541666666667 0.10792592592592593
0 0.11607291666666668 0.8425925925925926 0.06896875 0.08468518518518518
0 0.33319791666666665 0.31557407407407406 0.051416666666666666 0.09839814814814815
0 0.07175520833333333 0.8231203703703704 0.037911458333333335 0.06615740740740741
0 0.8871354166666666 0.7861851851851852 0.036145833333333335 0.06874074074074074
0 0.8590729166666667 0.8422962962962962 0.22647916666666665 0.19903703703703704
0 0.1587447916666667 0.5563981481481481 0.08396875 0.14802777777777779