0 0.428109375 0.3999814814814815 0.07236458333333333 0.106
0 0.7744791666666667 0.4393518518518518 0.05416666666666667 0.12037037037037036
0 0.7582447916666666 0.33299999999999996 0.05602083333333333 0.08537962962962962
0 0.8676614583333334 0.7904259259259259 0.03759375 0.08397222222222223
0 0.28592708333333333 0.3240648148148148 0.0484375 0.1037037037037037
0 0.117109375 0.8371944444444444 0.06518229166666667 0.09043518518518519
0 0.7810781250000001 0.8443425925925926 0.13318229166666667 0.20187037037037037
0 0.14571874999999998 0.5663425925925926 0.060640625000000004 0.12362962962962964
0 0.7683020833333334 0.5302129629629629 0.05327083333333334 0.11031481481481481
0 0.8850781249999999 0.7864444444444445 0.032171875 0.06225925925925926
0 0.039875 0.8239074074074074 0.024869791666666665 0.05633333333333334