0 0.1295078125 0.7579722222222223 0.056203125 0.11627777777777777
0 0.14878906249999999 0.6547361111111112 0.06021093749999999 0.14630555555555555
0 0.183796875 0.6295972222222223 0.061734374999999994 0.11801388888888889
0 0.5673125 0.7853055555555555 0.088671875 0.15975
0 0.5896015625000001 0.6823055555555555 0.070109375 0.110875
0 0.7814687499999999 0.6497499999999999 0.0645 0.13181944444444443
0 0.7834921875 0.3937361111111111 0.110640625 0.19222222222222224
0 0.61159375 0.3759166666666667 0.0741015625 0.15658333333333332
0 0.31790625 0.35520833333333335 0.0423203125 0.07401388888888889
0 0.219234375 0.348875 0.0371640625 0.08456944444444445
0 0.377953125 0.35179166666666667 0.03825 0.09744444444444444