0 0.3178828125 0.6791666666666667 0.0234921875 0.07377777777777778
0 0.2887578125 0.6839861111111112 0.0452265625 0.09661111111111112
0 0.13094531250000002 0.6951944444444444 0.05553125 0.10059722222222223
0 0.9544062500000001 0.6874583333333334 0.044984375 0.07263888888888889
0 0.2035703125 0.317 0.05535156249999999 0.0922361111111111
0 0.285421875 0.17975 0.0443828125 0.07595833333333334
0 0.7015234375 0.3034722222222222 0.054367187500000004 0.09176388888888888
0 0.7343203125 0.36740277777777774 0.060375 0.11172222222222222
0 0.6719609375 0.19384722222222223 0.04428125 0.08608333333333333
0 0.83375 0.6678194444444444 0.0533203125 0.1232638888888889
0 0.30015625 0.1629861111111111 0.0368046875 0.05351388888888889
0 0.983484375 0.6688472222222223 0.0330390625 0.07188888888888889